63,7
63,6
63,5
63,4
63,3
63,2
63,1
63,0
58,3
58,2
58,1
58,0
55,3
55,2
55,1
55,0
53,3
53,2
53,1
53,0
51,3
51,2
51,1
51,0
49,3
49,2
49,1
49,0
48,4
48,3
48,2
48,1
48,0
47,4
47,3
47,2
47,1
47,0
45,5
45,4
45,3
45,2
45,1
45,0
43,6
43,5
43,4
43,3
43,2
43,1
43,0
42,3
42,2
42,1
42,0
41,8
41,7
41,6
41,5
41,4
41,3
41,2
41,1
41,0
36,3
36,2
36,1
36,0
33,3
33,2
33,1
33,0
31,3
31,2
31,1
31,0
29,3
29,2
29,1
29,0
27,3
27,2
27,1
27,0
4,3
4,2
4,1
4,0
3,6
3,5
3,4
3,3
3,2
3,1
3,0
2,5
2,4
2,3
2,2
2,1
2,0
1,3
1,2
1,1
1,0
0,410
0,324
0,243
0,9
0,0
0,1
0,405
0,300
0,435
0,299
0,404
0,298
0,403
0,297
0,402
0,296
0,434
0,295
0,401
0,294
0,400
0,293
0,433
0,292
0,399
0,291
0,398
0,290
0,432
0,289
0,397
0,288
0,396
0,287
0,431
0,286
0,395
0,285
0,394
0,284
0,430
0,283
0,393
0,282
0,392
0,281
0,429
0,280
0,391
0,279
0,390
0,278
0,389
0,277
0,428
0,276
0,388
0,275
0,387
0,274
0,427
0,273
0,386
0,272
0,385
0,271
0,384
0,270
63,8
64,0
64,2
64,3
65,1
65,2
65,4
65,6
67,0
67,2
67,3
67,5
69,1
69,2
69,4
70,0
70,2
70,3
70,4
70,1
69,3
69,0
67,4
67,1
65,5
65,3
65,0
64,1
0,426
0,269
0,383
0,268
0,382
0,267
0,381
0,266
0,425
0,265
0,380
0,264
0,379
0,263
0,378
0,262
0,424
0,261
0,377
0,260
0,376
0,259
0,423
0,258
0,375
0,257
0,374
0,256
0,373
0,255
0,422
0,254
0,372
0,253
0,371
0,252
0,370
0,251
0,421
0,250
0,369
0,249
0,368
0,248
0,367
0,247
0,420
0,246
0,366
0,245
0,365
0,244
0,419
0,242
0,364
0,241
0,363
0,240
0,362
0,239
0,418
0,238
0,361
0,237
0,360
0,236
0,417
0,235
0,359
0,234
0,358
0,233
0,357
0,232
0,416
0,231
0,356
0,230
0,355
0,229
0,415
0,228
0,354
0,227
0,353
0,226
0,352
0,225
0,414
0,224
0,351
0,223
0,350
0,222
0,349
0,221
0,413
0,220
0,348
0,219
0,347
0,218
0,346
0,217
0,412
0,216
0,345
0,215
0,344
0,214
0,343
0,213
0,411
0,212
0,342
0,211
0,341
0,210
0,340
0,209
0,409
0,208
0,339
0,207
0,338
0,206
0,337
0,205
0,408
0,204
0,336
0,203
0,335
0,202
0,334
0,201
0,407
0,200
0,333
0,199
0,332
0,198
0,406
0,197
0,331
0,196
0,330
0,195
0,329
0,194
0,328
0,193
0,327
0,192
0,326
0,63
0,325
0,62
0,323
0,61
0,322
0,60
0,321
0,59
0,320
0,58
0,319
0,57
0,318
0,56
0,317
0,55
0,316
0,54
0,315
0,53
0,314
0,52
0,313
0,51
0,312
0,50
0,311
0,49
0,310
0,48
0,309
0,47
0,308
0,46
0,307
0,45
0,301
0,6
0,5
0,304
0,303
0,306
0,305
0,302
0,12
0,10
0,8
0,11
0,4
0,2
0,3
0,7
